0.8999974072808686	
0.0000000000000000	
0.0000000000000000	
0.8999971698135705	
0.0000000000000000	
0.0000000000000000	
0.0000000000000000	
0.0000000000000000	
0.8999986112000342	
0.0000000000000000	
0.0000000000000000	
0.0000000000000000	
0.0000000000000000	
0.0000000000000000	
0.0000000000000000	
0.0000000000000000	
0.0000000000000000	
0.0000000000000000	
0.0027235402178822	
0.0000000000000000	
0.0000000000000000	
0.8999972876810379	
0.2985189408126399	
0.0466516875990348	
0.0000000000000000	
0.0000000000000000	
0.0000000000000000	
0.0000000000000000	
0.0000000000000000	
0.0000000000000000	
0.0000000000000000	
0.0000000000000000	
0.0000000000000000	
0.0000000000000000	
0.0000000000000000	
0.0000000000000000	
0.0000000000000000	
0.0000000000000000	
0.0000000000000000	
0.0000000000000000	
0.0000000000000000	
0.0000000000000000	
0.0000000000000000	
0.0000000000000000	
0.0000000000000000	
0.0000000000000000	
0.0000000000000000	
0.0000055633833135	
0.2822601334946346	
0.8999986109969086	
0.2691304738394731	
0.2735184875950729	
0.8999987309184747	
0.0000000000000000	
0.0000000000000000	
0.0000000000000000	
0.0000000000000000	
0.0000000000000000	
0.0000000000000000	
0.0000000000000000	
0.0000000000000000	
0.0000000000000000	
0.0000000000000000	
0.0000000000000000	
0.0000000000000000	
0.0000000000000000	
0.0000000000000000	
0.0000000000000000	
0.0000000000000000	
0.0000000000000000	
0.0000000000000000	
0.0000000000000000	
0.0000000000000000	
0.0000000000000000	
0.0000000000000000	
0.0000000000000000	
0.0000000000000000	
0.0000000000000000	
0.0000000000000000	
0.0000000000000000	
0.0000000000000000	
0.0000000000000000	
0.0000000000000000	
0.0000000000000000	
0.0000000000000000	
0.0000000000000000	
0.0000000000000000	
0.0000000000000000	
0.0000000000000000	
0.0000000000000000	
0.0000000000000000	
0.0000000000000000	
0.0000000000000000	
0.0008595212605153	
0.0001461008153593	
0.8999986486148704	
0.2640185273205261	
0.0201189464165299	
0.0585410458441337	
0.0000000000000000	
0.0000000000000000	
0.0000000000000000	
0.0000000000000000	
0.0000000000000000	
0.0000000000000000	
0.0000000000000000	
0.0157141403345914	
0.0029988999757066	
0.0000000000000000	
0.0000000000000000	
0.0000000000000000	
0.0000000000000000	
0.0000000000000000	
0.0000000000000000	
0.0000000000000000	
0.0000000000000000	
0.0000000000000000	
0.0000000000000000	
0.0000000000000000	
0.0000000000000000	
0.0000000000000000	
0.0000000000000000	
0.0000000000000000	
0.0000000000000000	
0.0000000000000000	
0.0000000000000000	
0.0000000000000000	
0.0000000000000000	
0.0000000000000000	
0.0000000000000000	
0.0000000000000000	
0.0000000000000000	
0.0000000000000000	
0.0000000000000000	
0.0000000000000000	
0.0000000000000000	
0.0000000000000000	
0.0000000000000000	
0.0000000000000000	
0.0000000000000000	
0.0000000000000000	
0.0000000000000000	
0.0000000000000000	
0.0000000000000000	
0.0000000000000000	
0.0000000000000000	
0.0000000000000000	
0.0000000000000000	
0.0000000000000000	
0.0000000000000000	
0.0000003249380336	
-0.0000000693365565	
0.0010107399250203	
0.0000447482412722	
0.0001805011345326	
0.2763307524868249	
0.2732573028107746	
0.8999986064102221	
0.0000000000000000	
0.0000000000000000	
0.0000000000000000	
0.0000000000000000	
0.0000000000000000	
0.0000000000000000	
0.0000000000000000	
0.0000000000000000	
0.0000000000000000	
0.0000000000000000	
0.0000000000000000	
0.0000000000000000	
0.0000000000000000	
0.0000000000000000	
0.0000000000000000	
0.0000000000000000	
0.0000000000000000	
0.0000000000000000	
0.0000000000000000	
0.0000000000000000	
0.0000000000000000	
0.0000000000000000	
0.0000000000000000	
0.0000000000000000	
0.0000000000000000	
0.0000000000000000	
0.0000000000000000	
0.0000000000000000	
0.0000000000000000	
0.0000000000000000	
0.0000000000000000	
0.0000000000000000	
0.0000000000000000	
0.0000000000000000	
0.0000000000000000	
0.0000000000000000	
0.0000000000000000	
0.0000000000000000	
0.0000000000000000	
0.0000000000000000	
0.0000000000000000	
0.0000000000000000	
0.0000000000000000	
0.0000000000000000	
0.0000000000000000	
0.0000000000000000	
0.0000000000000000	
0.0000000000000000	
0.0000000000000000	
0.0000000000000000	
-0.0000000525267663	
0.0000003688399545	
0.0000364913951695	
0.0000037168793113	
0.0000000000000000	
0.0000000000000000	
0.0000000000000000	
0.0000000000000000	
0.0000000000000000	
0.0000000000000000	
0.0000000000000000	
0.0000000000000000	
0.0000000000000000	
0.0000000000000000	
0.0000000000000000	
0.0000000000000000	
0.0000000000000000	
0.0000000000000000	
0.0000000000000000	
0.0000000000000000	
0.0000000000000000	
0.0000000000000000	
0.0000000000000000	
0.0000000000000000	
0.0000000000000000	
0.0000000000000000	
0.0000000000000000	
0.0000000000000000	
0.0000000000000000	
0.0000000000000000	
0.0000000000000000	
0.0000000000000000	
0.0000000000000000	
0.0000000000000000	
0.0000000000000000	
0.0000000000000000	
0.0000000000000000	
0.0000000000000000	
0.0000000000000000	
0.0000000000000000	
0.0000000000000000	
0.0000000000000000	
0.0000000000000000	
0.0000000000000000	
0.0000000000000000	
0.0000000000000000	
0.0000000000000000	
0.0000000000000000	
0.0000000000000000	
0.0000000000000000	
0.0000000000000000	
0.0000000000000000	
0.0000000000000000	
0.0000000000000000	
0.0000000000000000	
0.0000000000000000	
0.0000000000000000	
0.0000000000000000	
0.0000000000000000	
0.0000000000000000	
0.0000000000000000	
0.0000000000000000	
0.0000000000000000	
0.0000000000000000	
0.0000000000000000	
0.0000000000000000	
0.0000000000000000	
0.0000000000000000	
0.0000000000000000	
0.0000000000000000	
0.0000000000000000	
0.0000000000000000	
0.0000000000000000	
0.0000000000000000	
0.0000000000000000	
0.0000000000000000	
0.0000000000000000	
0.0000000000000000	
0.0000000000000000	
0.0000000000000000	
0.0000000000000000	
0.0000000000000000	
0.0000000000000000	
0.0000000000000000	
0.0000000000000000	
0.0000000000000000	
0.0000000000000000	
0.0000000000000000	
0.0000000000000000	
0.0000000000000000	
0.0000000000000000	
0.0000000000000000	
0.0000000000000000	
0.0000000000000000	
0.0211396034712140	
0.0823940320396122	
0.0000000000000000	
0.0000000000000000	
0.0603406672145222	
0.0160703132064456	
0.0000000000000000	
0.0000000000000000	
0.0000000000000000	
0.0000000000000000	
0.0000000000000000	
0.0000530751549871	
0.0000006641204446	
0.0455550184167761	
0.0000000000000000	
0.0000000000000000	
0.0000000000000000	
0.0000000000000000	
0.0000000000000000	
0.0000000000000000	
0.0000000000000000	
0.0000000000000000	
0.0000000000000000	
0.0000000000000000	
0.0000000000000000	
0.0000000000000000	
0.0063164999642455	
0.0016725767126646	
0.0274694333633714	
0.0378000019279407	
0.0767281874170203	
0.0000000000000000	
0.0000000000000000	
0.0000000000000000	
0.0000000000000000	
0.0000000000000000	
0.0000000000000000	
0.0000000000000000	
0.0000000000000000	
0.0000000000000000	
0.0271183989646870	
0.0332071196650692	
0.0755637003008335	
0.0002654082993978	
0.0043542595869668	
0.0011704281173659	
0.0000000000000000	
0.0000000000000000	
0.0000000000000000	
0.0000000000000000	
0.0000000000000000	
0.0000000000000000	
0.0000000000000000	
0.0000000000000000	
0.0000000000000000	
0.0000000000000000	
0.0000000000000000	
0.0000000000000000	
0.0000000000000000	
0.0000000000000000	
0.0000000000000000	
0.0000000000000000	
0.0000000000000000	
0.0000000000000000	
0.0000000000000000	
0.0000000000000000	
0.0000098799801315	
0.0000000995632420	
-0.0000001935666880	
0.0000000000000000	
0.0014314818555354	
0.0002971905370874	
0.0065778071307625	
0.0005742098982596	
0.0022201002322671	
0.0059195564630864	
0.0000000000000000	
0.0000000000000000	
0.0000000000000000	
0.0000000000000000	
0.0000000000000000	
0.0000000000000000	
0.0000000000000000	
0.0000000000000000	
0.0000000000000000	
0.0000000000000000	
0.0000000000000000	
0.0000000000000000	
0.0000000000000000	
0.0000000000000000	
0.0000000000000000	
0.0000000000000000	
0.0000000000000000	
0.0000000000000000	
0.0000000000000000	
0.0000000000000000	
0.0000000000000000	
0.0000000000000000	
0.0000000000000000	
0.0000000000000000	
0.0000000000000000	
0.0000000000000000	
0.0000000000000000	
0.0000000000000000	
0.0000000000000000	
0.0000000000000000	
0.0000000000000000	
0.0000000000000000	
0.0000000000000000	
0.0000000000000000	
0.0000000000000000	
0.0000000000000000	
0.0000000000000000	
0.0000000000000000	
0.0000000000000000	
0.0000000000000000	
0.0000000000000000	
0.0000000000000000	
0.0000000000000000	
0.0000000000000000	
0.0000000000000000	
0.0000000000000000	
0.0000000000000000	
0.0000000000000000	
0.0000000000000000	
0.0000000000000000	
0.0000000000000000	
0.0000127008346846	
0.0004064474964271	
0.0000923535909601	
0.0013541961812415	
0.0064673670675777	
0.0068672723898936	
0.0029352272341399	
0.0005860826548120	
0.0000000000000000	
0.0000000000000000	
0.0000000000000000	
0.0000000000000000	
0.0000000000000000	
0.0000000000000000	
0.0000000000000000	
0.0000000000000000	
0.0000000000000000	
0.0000000000000000	
0.0000000000000000	
0.0000000000000000	
0.0000000000000000	
0.0000000000000000	
0.0000000000000000	
0.0000000000000000	
0.0000000000000000	
0.0000000000000000	
0.0000000000000000	
0.0000000000000000	
0.0000000000000000	
0.0000000000000000	
0.0000000000000000	
0.0000000000000000	
0.0000000000000000	
0.0000000000000000	
0.0000000000000000	
0.0000000000000000	
0.0000000000000000	
0.0000000000000000	
0.0000000000000000	
0.0000000000000000	
0.0000000000000000	
0.0000000000000000	
0.0000000000000000	
0.0000000000000000	
0.0000000000000000	
0.0000000000000000	
0.0000000000000000	
0.0000000000000000	
0.0000000000000000	
0.0000000000000000	
0.0000000000000000	
0.0000000000000000	
0.0000000000000000	
0.0000000000000000	
0.0000000000000000	
0.0000000000000000	
0.0000000000000000	
0.0000000000000000	
0.0000000000000000	
0.0000000000000000	
0.0000000000000000	
-0.0000001531247784	
0.0000000000000000	
0.0000000000000000	
0.0000000000000000	
0.0000000000000000	
0.0000000000000000	
0.0000000000000000	
0.0000606580008642	
0.0000069546251737	
0.0000012684076430	
0.0000121263772332	
0.0000000000000000	
0.0000000000000000	
0.0000000000000000	
0.0000000000000000	
0.0000000000000000	
0.0000000000000000	
0.0000000000000000	
0.0000000000000000	
0.0000000000000000	
0.0000000000000000	
0.0000000000000000	
0.0000000000000000	
0.0000000000000000	
0.0000000000000000	
0.0000000000000000	
0.0000000000000000	
0.0000000000000000	
0.0000000000000000	
0.0000000000000000	
0.0000000000000000	
0.0000000000000000	
0.0000000000000000	
0.0000000000000000	
0.0000000000000000	
0.0000000000000000	
0.0000000000000000	
0.0000000000000000	
0.0000000000000000	
0.0000000000000000	
0.0000000000000000	
0.0000000000000000	
0.0000000000000000	
0.0000000000000000	
0.0000000000000000	
0.0000000000000000	
0.0000000000000000	
0.0000000000000000	
0.0000000000000000	
0.0000000000000000	
0.0000000000000000	
0.0000000000000000	
0.0000000000000000	
0.0000000000000000	
0.0000000000000000	
0.0000000000000000	
0.0000000000000000	
0.0000000000000000	
0.0000000000000000	
0.0000000000000000	
0.0000000000000000	
0.0000000000000000	
0.0000000000000000	
0.0000000000000000	
0.0000000000000000	
0.0000000000000000	
0.0000000000000000	
0.0000000000000000	
0.0000000000000000	
0.0000000000000000	
0.0000000000000000	
0.0000000000000000	
0.0000000000000000	
0.0000000000000000	
0.0000000000000000	
0.0000000000000000	
0.0000000000000000	
0.0000000000000000	
0.0000000000000000	
0.0000000000000000	
0.0000000000000000	
0.0000000000000000	
0.0000000000000000	
0.0000000000000000	
0.0000000000000000	
0.0000000000000000	
0.0000000000000000	
0.0000000000000000	
0.0000000000000000	
0.0000000000000000	
0.0000000000000000	
0.0000000000000000	
0.0000000000000000	
0.0000000000000000	
0.0000000000000000	
0.0000000000000000	
0.0000000000000000	
0.0000000000000000	
0.0000000000000000	
0.0000000000000000	
0.0000000000000000	
0.0000000000000000	
0.0000000000000000	
0.0000000000000000	
0.0000000000000000	
0.0000000000000000	
0.0000000000000000	
0.0000000000000000	
0.0000000000000000	
0.0000000000000000	
0.0003359489151569	
0.0002010084997798	
0.0000276071176201	
0.0000109109208051	
0.0000565193354165	
0.0000000000000000	
0.0000000000000000	
0.0000000000000000	
0.0000000000000000	
0.0000000000000000	
0.0000000000000000	
0.0000000000000000	
0.0000000000000000	
0.0000000000000000	
0.0000000000000000	
0.0000000000000000	
0.0000000000000000	
0.0000000000000000	
0.0000000000000000	
0.0000000000000000	
0.0000000000000000	
0.0000000000000000	
0.0000000000000000	
0.0000000000000000	
0.0000000000000000	
0.0000000000000000	
0.0000000000000000	
0.0000000000000000	
0.0000000000000000	
0.0000000000000000	
0.0000000000000000	
0.0000000000000000	
0.0000000000000000	
0.0000000000000000	
0.0000000000000000	
0.0000000000000000	
0.0000000000000000	
0.0000000000000000	
0.0000000000000000	
0.0000000000000000	
0.0000000000000000	
0.0000000000000000	
0.0000000000000000	
0.0000000000000000	
0.0000000000000000	
0.0000000000000000	
0.0000000000000000	
0.0000000000000000	
0.0000000000000000	
0.0000000000000000	
0.0000000000000000	
0.0000000000000000	
0.0000000000000000	
0.0000000000000000	
0.0000000000000000	
0.0000000000000000	
0.0000000000000000	
0.0000000000000000	
0.0000000000000000	
0.0000000000000000	
0.0000000000000000	
0.0000000000000000	
0.0000000000000000	
0.0000000000000000	
0.0000000000000000	
0.0000000000000000	
0.0000000000000000	
0.0000000000000000	
0.0000000000000000	
0.0000000000000000	
0.0000000000000000	
0.0000000000000000	
0.0000000000000000	
0.0000000000000000	
0.0000000000000000	
0.0000000000000000	
0.0000000000000000	
0.0000000000000000	
0.0000000000000000	
0.0000000000000000	
0.0000000000000000	
0.0000000000000000	
0.0000000000000000	
0.0000000000000000	
0.0000000000000000	
0.0000000000000000	
0.0000000000000000	
0.0000000000000000	
0.0000000000000000	
0.0000000000000000	
0.0000000000000000	
0.0000000000000000	
0.0000000000000000	
0.0000000000000000	
0.0000000000000000	
0.0000000000000000	
0.0000000000000000	
0.0000000000000000	
0.0000000000000000	
0.0000000000000000	
0.0000000000000000	
0.0000000000000000	
0.0000000000000000	
0.0000000000000000	
0.0000000000000000	
0.0000000000000000	
-0.0000003154932113	
0.0000002914119526	
-0.0000001257421146	
0.0000000000000000	
0.0000000000000000	
0.0000000000000000	
0.0000000000000000	
-0.0000003938684147	
0.0000002397860349	
-0.0000001387119269	
0.0000000000000000	
0.0000000000000000	
0.0000000000000000	
0.0000000000000000	
0.0000000000000000	
0.0000000000000000	
0.0000000000000000	
0.0000000000000000	
0.0000000000000000	
0.0000000000000000	
0.0000000000000000	
0.0000000000000000	
0.0000000000000000	
0.0000000000000000	
0.0000000000000000	
0.0000000000000000	
0.0000000000000000	
0.0000000000000000	
0.0000000000000000	
0.0000000000000000	
0.0000000000000000	
0.0000000000000000	
0.0000000000000000	
0.0000000000000000	
0.0000000000000000	
0.0000000000000000	
0.0000000000000000	
0.0000000000000000	
0.0000000000000000	
0.0000000000000000	
0.0000000000000000	
0.0000000000000000	
0.0000000000000000	
0.0000000000000000	
0.0000000000000000	
0.0000000000000000	
0.0000000000000000	
0.0000000000000000	
0.0000000000000000	
0.0000000000000000	
0.0000000000000000	
0.0000000000000000	
0.0000000000000000	
0.0000000000000000	
0.0000000000000000	
0.0000000000000000	
0.0000000000000000	
0.0000000000000000	
0.0000000000000000	
0.0000000000000000	
0.0000000000000000	
0.0000000000000000	
0.0000000000000000	
0.0000000000000000	
0.0000000000000000	
0.0000000000000000	
0.0000000000000000	
0.0000000000000000	
0.0000000000000000	
0.0000000000000000	
0.0000000000000000	
0.0000000000000000	
0.0000000000000000	
0.0000000000000000	
0.0000000000000000	
0.0000000000000000	
0.0000000000000000	
0.0000000000000000	
0.0000000000000000	
0.0000000000000000	
0.0000000000000000	
0.0000000000000000	
0.0000000000000000	
0.0000000000000000	
0.0000000000000000	
0.0000000000000000	
0.0000000000000000	
0.0000000000000000	
0.0000000000000000	
0.0000000000000000	
0.0000000000000000	
0.0000000000000000	
0.0000000000000000	
0.0000000000000000	
0.0000000000000000	
0.0000000000000000	
0.0000000000000000	
0.0000000000000000	
0.0000000000000000	
0.0000000000000000	
0.0000000000000000	
0.0000000000000000	
0.0000000000000000	
0.0000000000000000	
0.0000000000000000	
0.0000000000000000	
0.0000000000000000	
0.0000000000000000	
0.0000000000000000	
0.0000000000000000	
0.0000000000000000	
0.0000000000000000	
0.0000000000000000	
0.0000000000000000	
0.0000000000000000	
0.0000000000000000	
0.0000000000000000	
0.0000000000000000	
0.0000000000000000	
0.0000000000000000	
0.0000000000000000	
0.0000000000000000	
0.0000000000000000	
0.0000000000000000	
0.0000000000000000	
0.0000000000000000	
0.0000000000000000	
0.0000000000000000	
0.0000000000000000	
0.0000000000000000	
0.0000000000000000	
0.0000000000000000	
0.0000000000000000	
0.0000000000000000	
0.0000000000000000	
0.0000000000000000	
0.0000000000000000	
0.0000000000000000	
0.0000000000000000	
0.0000000000000000	
0.0000000000000000	
0.0000000000000000	
0.0000000000000000	
0.0000000000000000	
0.0000000000000000	
0.0000000000000000	
0.0000000000000000	
0.0000000000000000	
0.0000000000000000	
0.0000000000000000	
0.0000000000000000	
0.0000000000000000	
0.0000000000000000	
0.0000000000000000	
0.0000000000000000	
0.0000000000000000	
0.0000000000000000	
0.0000000000000000	
0.0000000000000000	
0.0000000000000000	
0.0000000000000000	
0.0000000000000000	
0.0000000000000000	
0.0000000000000000	
0.0000000000000000	
0.0000000000000000	
0.0000000000000000	
0.0000000000000000	
0.0000000000000000	
0.0000000000000000	
0.0000000000000000	
0.0000000000000000	
0.0000000000000000	
0.0000000000000000	
0.0000000000000000	
0.0000000000000000	
0.0000000000000000	
0.0000000000000000	
0.0000000000000000	
0.0000000000000000	
0.0000000000000000	
0.0000000000000000	
0.0000000000000000	
0.0000000000000000	
0.0000000000000000	
0.0000000000000000	
0.0000000000000000	
0.0000000000000000	
0.0000000000000000	
0.0000000000000000	
0.0000000000000000	
0.0000000000000000	
0.0000000000000000	
0.0000000000000000	
0.0000000000000000	
0.0000000000000000	
0.0000000000000000	
0.0000000000000000	
0.0000000000000000	
0.0000000000000000	
0.0000000000000000	
0.0000000000000000	
0.0000000000000000	
0.0000000000000000	
0.0000000000000000	
0.0000000000000000	
0.0000000000000000	
0.0000000000000000	
0.0000000000000000	
0.0000000000000000	
0.0000000000000000	
0.0000000000000000	
